1000 3399
0 1 13
0 34 1
0 577 6
0 5 3
0 8 2
0 11 5
0 12 6
0 43 6
0 47 6
0 81 10
0 85 3
0 185 9
1 2 6
1 35 9
1 3 2
1 68 1
1 292 8
1 229 1
1 41 10
1 361 4
1 45 2
1 724 3
1 21 5
1 213 2
1 693 9
1 93 8
1 94 6
2 961 6
2 131 9
2 358 1
2 199 3
2 106 2
2 108 1
2 187 4
2 396 1
2 973 1
2 17 8
2 84 1
2 27 4
2 701 5
3 673 3
3 19 7
3 4 7
3 910 7
4 354 4
4 419 1
4 358 8
4 10 4
4 655 3
4 661 1
4 858 3
5 288 8
5 675 4
5 388 10
5 6 3
5 7 3
5 329 2
5 14 7
5 79 1
5 18 6
5 409 1
6 38 9
6 459 2
6 15 9
6 146 8
6 22 6
6 410 3
6 319 1
7 64 4
7 772 1
7 9 5
7 141 6
7 176 10
7 434 4
7 563 1
7 308 4
8 312 5
8 826 8
8 339 1
8 149 4
9 609 5
9 485 10
9 968 9
9 972 7
9 941 3
9 734 5
9 177 10
9 286 4
9 447 5
10 135 2
10 489 1
10 969 4
10 426 4
10 172 1
10 173 2
10 145 1
10 30 8
11 545 9
11 20 5
11 389 5
12 96 5
12 13 5
12 142 4
12 241 9
12 755 4
12 819 2
12 475 2
12 635 4
12 93 9
13 194 1
13 100 2
13 230 8
13 685 3
13 16 9
13 272 3
14 264 3
14 89 1
14 58 1
14 868 9
15 33 4
15 422 1
15 983 2
15 697 4
15 91 2
15 60 9
15 25 10
16 420 10
16 294 6
16 19 6
16 55 5
16 87 8
16 24 6
16 126 7
17 642 10
17 287 6
17 452 9
17 968 10
17 297 10
17 139 4
17 240 7
17 627 9
17 248 8
17 538 10
17 95 2
18 36 2
18 69 1
18 175 10
18 667 5
18 62 9
19 867 1
19 392 9
19 42 3
19 650 1
19 845 3
19 112 5
19 786 7
20 386 9
20 101 4
20 838 1
20 71 10
20 263 10
20 78 10
20 753 2
20 281 10
21 900 8
21 709 5
21 807 3
21 170 5
21 538 1
21 157 6
21 23 9
21 26 9
21 59 2
21 28 4
21 29 3
22 673 7
22 61 2
22 599 8
22 391 1
23 772 2
23 52 3
23 120 1
23 475 2
23 31 5
24 743 6
24 72 5
24 362 1
24 750 4
24 526 3
24 275 1
24 696 3
24 348 8
24 413 9
25 384 3
25 324 7
25 37 6
25 740 2
25 250 1
25 305 3
25 698 6
25 57 9
25 122 5
25 283 3
26 513 6
26 577 8
26 166 3
26 137 8
26 313 1
26 668 4
27 76 10
27 556 3
27 431 6
27 336 7
27 49 8
27 369 9
28 256 8
28 706 10
28 807 1
28 306 9
28 83 1
28 660 6
28 280 9
29 801 10
29 41 9
29 909 10
29 82 9
29 854 4
30 597 1
30 117 7
30 7 8
31 384 1
31 645 2
31 776 6
31 121 7
31 347 10
31 159 4
32 81 6
33 40 9
33 104 6
33 44 2
33 77 10
34 986 3
34 325 7
34 39 5
34 152 4
34 249 10
34 602 9
34 287 5
35 546 3
35 866 3
35 165 1
35 75 4
35 339 5
35 315 5
36 257 9
36 994 3
36 66 10
36 46 3
36 238 8
36 688 3
36 313 3
36 410 10
37 171 5
37 630 2
37 367 6
38 129 10
38 163 8
38 613 4
38 15 8
38 656 6
38 532 2
38 53 3
38 150 3
38 54 7
38 56 5
39 102 2
39 543 1
40 132 4
40 420 3
40 774 7
40 114 2
40 627 8
40 467 1
40 82 2
40 87 8
41 521 7
41 844 7
41 818 6
41 212 1
41 377 8
41 954 3
42 576 8
42 420 4
42 648 5
42 302 2
42 501 8
42 949 10
42 88 2
43 65 1
43 802 2
43 102 6
43 713 2
43 51 6
43 694 2
43 987 7
43 860 4
43 703 7
44 48 10
44 154 3
44 168 3
44 895 4
45 352 1
45 58 8
45 899 3
46 192 8
46 12 8
46 110 10
46 50 5
46 245 2
46 87 7
47 258 6
47 644 3
47 374 9
47 311 7
47 123 2
47 766 9
48 169 7
48 237 8
48 718 9
48 409 4
48 124 7
49 291 10
49 200 10
49 941 7
49 653 2
49 115 10
49 316 2
49 63 1
50 113 10
50 355 5
50 631 2
51 66 1
51 389 3
51 73 10
51 171 9
51 558 1
51 179 8
51 307 9
51 825 4
51 762 5
51 988 9
52 144 7
52 957 6
53 116 10
53 88 8
53 697 4
53 666 8
53 860 10
54 326 8
54 335 9
54 80 9
54 882 8
54 90 9
55 576 8
55 67 2
55 331 1
55 143 4
55 439 2
55 699 7
55 158 1
56 993 3
56 769 6
56 101 2
56 146 6
56 443 10
56 476 10
56 95 10
57 961 8
57 995 3
57 295 4
57 651 9
57 187 2
58 796 9
58 682 6
58 465 4
58 564 3
58 599 10
58 444 8
59 133 5
59 167 3
59 457 10
59 242 6
59 411 8
59 156 1
60 107 4
60 949 10
61 323 8
61 426 5
61 471 3
61 58 4
61 279 6
61 253 2
62 70 7
63 523 3
63 690 10
63 139 4
63 527 1
64 544 5
64 12 9
64 70 6
65 554 8
65 396 2
65 109 5
65 401 4
65 181 8
66 130 1
66 484 6
66 136 7
66 399 4
66 594 9
66 822 5
66 191 5
67 611 9
67 520 1
67 393 8
67 14 7
67 371 7
68 552 9
68 449 5
68 30 1
69 169 5
69 891 8
69 870 10
69 119 1
70 128 2
70 785 1
70 164 1
70 144 7
71 915 5
71 125 8
71 86 7
72 824 5
72 74 8
72 387 1
72 189 9
73 229 2
73 197 3
73 302 6
73 534 9
73 732 3
74 247 1
74 301 1
74 205 1
74 671 5
75 296 1
75 719 2
75 211 2
75 251 7
76 519 4
76 701 3
76 781 6
76 440 2
76 378 2
76 797 6
76 415 8
77 394 4
77 911 9
77 720 2
77 690 5
77 532 5
77 732 4
77 830 9
78 144 3
78 91 4
78 397 4
78 47 10
79 160 8
79 130 5
79 194 7
79 616 10
79 524 1
79 909 8
79 143 5
79 593 3
80 232 7
80 210 1
80 82 8
80 404 9
80 440 3
81 364 7
81 941 1
81 414 2
83 545 5
83 98 7
83 134 5
83 140 7
83 206 6
83 721 6
83 210 9
83 569 4
84 256 8
84 72 10
84 506 7
84 252 1
84 639 7
85 713 3
86 195 3
86 452 6
86 325 2
86 105 7
86 911 3
86 496 8
86 559 7
86 121 3
86 990 6
87 450 10
87 7 3
87 559 3
87 655 5
87 497 5
87 571 1
87 124 4
87 95 4
88 97 2
88 222 9
88 346 1
88 797 2
88 254 3
88 127 2
89 105 7
89 427 6
89 845 6
89 912 6
89 726 5
89 670 6
90 544 2
90 939 2
90 876 3
90 206 2
90 534 5
90 319 3
91 963 3
91 973 10
91 306 5
91 307 2
91 407 6
91 120 2
91 92 8
92 265 5
92 188 9
92 261 5
92 118 3
93 103 10
93 271 7
93 339 1
93 151 6
93 183 10
93 477 1
94 190 6
95 417 9
95 442 6
95 913 6
95 62 7
96 424 2
96 513 5
96 629 4
96 950 9
97 99 6
97 968 5
97 214 5
97 155 5
97 124 10
97 639 3
98 260 5
98 233 1
98 526 5
98 755 2
98 51 6
99 64 1
99 193 4
99 228 1
99 591 10
99 112 9
99 497 1
99 537 1
100 475 9
100 198 6
100 223 7
101 898 1
101 303 4
101 560 2
101 662 10
101 735 5
102 846 7
102 950 3
102 111 1
103 166 9
103 536 4
103 490 6
103 696 9
103 216 6
103 703 8
104 837 2
104 6 9
104 869 1
104 522 7
104 428 7
104 526 3
104 215 4
105 218 5
105 43 9
105 613 10
106 816 10
106 276 7
106 935 6
107 112 8
108 871 4
108 392 4
108 490 9
108 977 4
108 530 3
108 153 2
108 348 10
108 509 3
109 64 2
109 144 6
109 210 3
109 376 2
109 668 6
109 447 5
110 793 9
110 239 2
111 817 8
111 138 2
111 147 5
111 334 6
112 129 9
112 243 7
112 633 6
112 305 7
113 304 9
113 831 3
114 581 3
114 645 10
114 550 5
114 903 10
114 235 4
115 899 9
115 260 7
115 847 7
115 400 10
115 148 9
115 254 4
116 353 6
116 612 7
116 549 3
116 773 1
116 395 5
116 204 10
116 654 10
116 111 4
116 281 10
116 222 8
117 669 2
117 79 1
117 464 8
117 879 9
117 791 6
117 349 2
118 323 9
118 548 2
118 733 4
118 651 9
118 344 2
118 827 8
118 861 7
118 190 5
119 133 1
119 137 10
119 878 5
119 494 8
119 271 7
119 307 9
119 820 3
119 187 5
120 789 8
120 484 3
120 365 2
120 406 9
121 832 3
121 618 6
121 906 8
121 821 6
121 727 2
122 678 6
122 424 7
122 209 8
122 889 1
122 351 7
123 828 6
123 244 1
123 654 1
123 167 7
124 875 3
124 683 6
124 43 6
124 880 10
124 81 8
124 607 7
125 352 3
125 288 9
125 938 4
125 811 7
125 364 1
126 242 1
127 345 3
127 835 6
127 220 3
127 862 7
128 64 9
128 685 8
128 454 1
129 130 7
129 395 2
130 943 10
130 607 2
131 774 1
131 205 7
131 77 7
131 663 3
131 217 10
131 602 4
132 217 3
132 693 1
132 974 9
132 397 9
133 226 10
133 371 4
133 439 4
134 922 6
134 468 9
134 543 7
135 545 5
135 373 7
135 486 7
135 687 5
136 834 3
136 229 8
136 167 8
136 304 7
136 180 4
137 321 7
137 487 1
137 201 3
137 623 3
137 626 3
137 722 7
137 629 8
138 291 4
138 869 2
138 519 5
138 396 2
138 439 5
139 676 8
139 206 9
140 736 6
140 98 3
140 525 9
141 461 7
141 690 4
141 243 3
141 148 6
141 383 7
142 422 6
142 332 1
142 848 9
142 502 6
142 575 6
143 25 1
143 333 7
144 960 4
144 161 4
144 702 8
145 162 3
145 965 4
145 236 10
145 143 8
145 592 6
145 244 1
145 565 8
145 372 10
146 613 5
146 170 6
146 747 1
146 658 9
146 218 3
146 863 8
147 896 4
147 980 4
147 309 5
147 782 1
148 328 1
148 835 5
148 997 6
148 421 4
149 824 5
149 914 1
149 482 7
149 671 5
150 225 4
150 481 10
150 388 5
150 526 3
150 721 3
151 578 9
151 999 6
151 937 5
151 525 7
151 219 1
152 601 10
152 634 9
152 867 8
152 174 4
153 893 9
153 478 10
153 383 6
154 165 5
154 617 10
154 298 1
154 558 10
154 399 10
154 55 10
154 284 7
154 189 3
155 233 3
155 466 10
155 799 10
155 279 10
156 178 9
156 883 9
156 598 4
156 828 8
156 61 6
157 330 6
157 269 3
157 980 7
157 182 5
157 315 4
158 704 4
158 443 3
158 863 5
158 103 6
159 40 9
159 638 5
160 256 2
160 900 1
160 722 3
160 884 8
160 214 9
161 249 3
161 83 8
161 340 10
161 670 10
162 136 9
162 531 3
162 598 6
162 199 3
163 576 8
163 907 7
163 652 7
163 557 2
163 146 3
164 385 10
164 196 6
164 470 5
164 90 1
164 731 10
165 913 7
165 234 4
165 404 8
166 359 8
166 782 3
166 367 10
166 184 5
166 861 1
167 424 3
167 908 9
167 551 4
167 448 9
168 382 2
168 523 1
168 313 3
168 186 1
168 124 6
168 285 8
168 894 9
169 282 3
169 300 8
170 643 2
170 227 9
170 307 5
170 341 10
170 983 10
170 221 10
171 408 1
171 283 7
171 100 5
171 144 7
172 588 5
172 37 3
173 98 9
173 487 4
173 299 4
173 209 10
173 88 3
174 323 9
174 752 8
174 401 8
174 21 1
174 375 10
174 376 10
175 760 2
175 357 9
176 332 5
176 276 7
176 374 2
176 441 9
176 701 3
177 867 5
177 516 5
177 874 5
177 407 7
177 217 6
177 730 3
178 806 4
178 843 9
178 428 5
178 748 10
178 375 6
179 859 9
179 573 10
180 458 1
180 331 3
180 324 7
181 518 6
181 266 7
181 627 4
181 979 10
181 828 2
182 267 1
182 581 5
182 405 10
182 917 6
183 1 6
183 859 4
183 204 8
183 781 4
184 515 1
184 273 4
184 153 4
184 284 6
184 574 3
184 799 7
185 992 3
185 711 8
185 45 8
185 753 7
185 178 9
186 680 5
186 418 8
186 259 8
186 911 3
187 968 3
187 796 7
187 462 4
188 26 7
188 859 10
188 268 1
188 39 5
189 94 1
189 735 3
190 746 2
190 182 4
190 663 7
191 289 6
191 617 4
191 78 4
191 18 2
191 952 8
191 412 7
192 612 1
192 965 4
192 202 8
192 208 8
192 628 6
193 196 2
193 316 2
193 590 7
194 209 3
194 219 1
194 451 8
195 160 1
195 742 2
195 297 5
195 810 3
195 876 8
195 270 4
195 463 2
195 631 3
195 312 6
195 346 5
195 123 10
196 247 3
197 224 6
197 929 6
197 847 5
197 271 3
197 529 4
197 951 10
198 760 2
198 473 10
198 203 10
198 742 5
199 19 3
199 324 2
200 677 10
200 567 5
201 624 7
202 544 6
203 80 7
203 265 9
203 587 10
203 965 5
204 288 2
204 967 7
204 682 7
204 651 1
204 703 4
205 637 2
205 207 10
206 33 8
206 325 3
206 581 4
206 105 1
207 516 9
207 521 4
207 338 5
207 436 10
207 278 8
207 730 2
207 314 7
208 576 5
208 546 8
208 99 3
208 635 1
208 841 10
208 782 8
208 502 9
208 379 4
208 31 10
209 231 3
209 72 7
209 942 9
209 366 6
209 368 6
209 188 7
209 533 4
209 860 7
210 49 9
210 691 5
210 423 6
211 343 3
211 89 4
211 571 9
211 380 2
211 606 10
213 514 1
213 803 9
213 446 6
213 779 5
213 459 2
213 830 10
213 372 8
213 222 9
214 163 4
214 490 3
214 942 6
214 655 9
214 20 2
214 317 6
214 542 5
215 208 4
215 729 5
216 289 6
216 690 6
216 948 8
216 541 9
217 290 5
217 163 4
217 835 4
217 486 3
217 652 3
217 556 7
217 255 10
218 2 9
218 130 3
218 486 7
218 524 4
218 187 2
218 603 4
219 614 3
219 107 10
219 12 4
219 438 3
219 892 1
219 862 2
221 928 8
221 265 4
221 523 3
221 82 2
221 540 2
222 536 2
222 122 10
223 331 2
223 735 7
224 16 6
224 545 4
224 714 2
224 779 1
225 433 6
225 908 3
225 502 7
225 239 2
226 365 5
226 510 7
227 674 2
227 294 5
227 752 2
227 692 4
227 857 7
227 250 2
228 611 9
228 479 10
229 743 7
229 745 5
229 241 6
229 274 9
229 891 10
230 418 5
230 755 8
230 493 6
230 719 10
231 104 6
231 594 6
231 543 9
231 535 9
232 186 8
232 763 8
232 644 7
233 769 7
233 771 8
233 612 7
233 748 7
234 928 2
234 60 6
234 973 10
234 933 5
235 384 9
235 256 8
235 901 10
236 102 7
236 262 6
236 274 10
236 310 6
236 408 9
237 392 4
237 170 3
237 627 9
237 495 3
238 376 8
238 474 8
238 332 7
239 229 4
239 914 4
239 443 10
239 469 5
240 384 2
240 426 7
240 758 2
241 813 8
241 590 5
241 599 1
242 324 3
242 525 8
242 950 9
242 263 1
243 928 5
243 294 1
243 46 8
243 786 5
243 246 10
244 512 2
244 200 6
244 246 2
244 255 4
245 569 3
246 528 2
246 509 6
246 277 8
246 959 7
247 803 6
247 731 1
248 455 1
248 399 1
248 207 3
248 828 9
248 511 1
249 490 7
249 445 2
249 278 10
250 963 7
250 340 3
251 636 6
251 613 5
252 506 8
252 92 9
252 479 1
253 706 1
253 487 10
253 586 3
253 683 9
253 210 1
254 274 4
254 390 9
254 615 5
255 705 2
255 276 6
256 482 9
256 547 1
256 360 3
256 907 5
256 846 6
256 477 7
257 662 10
257 822 9
258 950 6
259 423 8
259 584 3
259 845 2
259 663 10
259 797 2
260 4 3
260 869 10
260 849 7
260 881 9
260 255 2
262 97 7
262 802 8
262 942 9
262 19 5
262 916 5
262 505 6
262 542 1
263 488 7
263 393 2
263 363 8
263 908 6
265 416 5
265 747 3
265 624 5
265 598 7
266 552 10
267 480 7
267 769 6
267 998 4
267 680 1
267 633 2
267 859 5
267 702 4
267 159 2
268 680 1
268 582 6
269 625 7
269 506 10
269 681 1
269 511 9
270 905 10
270 10 8
270 974 9
270 919 8
270 510 5
271 355 5
271 435 5
272 460 5
272 260 10
272 551 9
273 267 1
273 651 6
273 948 6
273 796 7
274 561 2
274 122 5
274 383 3
274 527 9
276 586 3
276 27 5
277 318 4
277 337 9
277 941 10
277 302 9
278 224 8
278 507 8
278 102 1
279 320 7
279 68 1
279 296 3
279 238 2
279 884 9
279 312 7
279 27 5
279 287 7
280 864 5
280 293 9
280 855 3
281 352 4
281 423 5
281 30 1
281 303 2
282 298 6
282 203 8
282 74 7
282 822 3
282 669 10
283 9 8
283 422 1
283 735 1
284 344 5
284 452 3
284 804 8
285 227 5
285 486 10
285 402 10
285 596 8
285 504 1
285 29 3
286 305 9
286 114 2
286 835 5
287 772 7
287 552 9
287 784 2
287 308 2
287 446 5
288 705 6
288 401 9
288 749 3
289 570 7
289 763 5
289 799 9
290 614 7
290 619 4
290 502 7
290 799 4
291 704 3
291 870 3
291 839 6
292 645 7
292 558 3
292 463 5
292 180 3
292 795 4
293 593 3
293 732 4
293 724 5
293 777 7
294 896 5
294 482 7
294 583 4
294 681 2
294 58 3
294 187 1
294 317 7
295 512 10
295 965 3
295 488 9
295 139 2
295 755 9
295 245 4
295 342 4
297 308 2
297 989 3
297 775 5
298 993 4
298 106 7
298 429 4
298 916 2
298 437 4
298 502 8
299 96 8
299 620 8
299 912 1
299 150 2
299 406 3
300 905 5
300 918 8
301 496 1
301 851 4
301 300 4
301 437 6
302 771 6
302 675 1
302 90 2
302 48 1
302 789 8
302 538 8
302 252 5
303 372 7
303 510 8
303 918 2
303 407 6
304 146 8
304 995 6
304 893 4
304 23 9
305 363 4
305 147 9
305 742 3
306 833 5
306 708 9
308 385 2
308 386 2
308 75 6
308 366 1
309 144 4
309 914 2
309 708 7
309 503 4
310 706 5
310 430 5
310 142 5
310 438 9
310 727 6
310 60 6
311 553 1
311 442 1
311 190 5
311 935 10
312 91 2
312 505 4
312 330 5
312 563 7
313 928 2
313 194 9
313 710 7
313 647 8
313 617 1
313 626 7
313 439 5
313 316 8
313 350 5
314 706 9
314 872 6
314 269 9
314 436 4
314 825 9
315 641 10
315 322 7
316 17 2
316 395 7
317 448 6
317 589 2
317 623 10
317 816 3
317 383 5
318 377 5
318 623 10
319 425 7
319 787 4
320 592 2
320 691 7
320 308 1
320 758 7
320 217 8
320 253 3
321 753 3
321 810 7
321 6 9
321 327 10
322 419 10
322 905 4
322 725 10
322 632 1
322 90 1
322 702 2
323 195 2
323 671 6
324 810 1
324 500 1
324 223 1
325 483 9
326 508 3
327 420 2
328 887 6
328 582 8
328 423 1
329 982 7
330 460 1
331 290 10
331 815 1
331 216 6
331 122 3
331 127 1
332 716 2
333 35 9
333 164 6
333 975 8
334 417 5
334 370 4
335 960 2
335 340 2
335 45 1
336 440 6
336 570 5
336 403 9
336 979 1
337 432 7
337 457 6
337 515 2
337 564 10
338 810 5
338 11 6
338 46 5
339 466 5
339 122 8
339 508 5
339 572 10
340 806 3
341 204 4
341 540 6
341 662 9
342 592 2
342 753 8
342 437 8
342 960 2
343 369 8
343 761 8
343 910 6
343 181 2
344 957 7
345 647 5
346 453 6
346 963 3
346 356 9
346 437 6
347 718 6
347 817 2
347 252 6
347 21 2
347 376 1
347 540 6
348 417 3
348 513 5
348 387 9
348 377 10
349 521 4
349 628 3
349 767 1
350 80 5
350 858 8
350 891 4
352 762 10
352 686 8
352 446 4
352 804 8
353 204 5
353 284 5
354 226 5
354 291 10
354 837 3
354 232 1
354 589 5
354 238 1
355 409 1
355 476 2
355 381 4
356 740 9
356 935 7
356 649 1
356 426 8
356 751 8
356 816 7
356 374 10
356 666 10
356 188 3
358 592 4
358 338 5
358 863 7
359 587 7
359 357 3
360 769 5
360 611 9
360 999 7
360 379 4
360 863 2
361 948 3
361 467 8
361 716 6
361 564 2
362 886 2
362 484 10
362 421 1
362 22 7
363 440 8
363 434 9
363 652 4
363 989 4
364 579 2
364 591 6
364 627 9
364 825 10
364 895 4
365 226 7
365 740 6
365 118 6
365 143 4
366 480 8
366 48 6
366 437 10
366 917 1
366 956 9
366 703 3
367 769 10
367 517 10
367 734 6
367 39 5
368 258 8
368 35 3
368 398 7
368 887 7
368 821 2
368 759 8
368 600 3
368 190 6
369 853 10
369 78 10
369 173 2
370 755 8
370 125 3
371 841 5
371 252 9
371 873 2
372 972 7
372 431 5
372 851 3
372 374 7
372 758 9
372 568 2
373 802 9
373 773 4
373 234 2
373 533 10
373 757 10
374 17 4
375 512 7
375 560 10
375 949 2
376 9 2
376 988 3
376 745 4
377 571 2
377 883 9
377 652 5
378 386 6
378 934 4
379 772 5
379 178 8
379 532 4
379 470 2
379 953 6
380 888 1
380 737 7
381 928 5
381 909 10
382 711 4
382 329 3
382 586 9
382 747 4
382 468 7
382 472 3
382 895 3
383 192 6
383 771 10
383 573 9
383 950 6
384 811 6
384 812 1
384 654 10
384 180 9
384 954 4
384 830 3
385 593 3
385 580 5
385 910 9
386 568 3
386 394 6
386 899 7
386 509 10
388 608 6
388 705 9
388 819 10
388 565 9
389 554 6
389 756 2
389 381 4
390 512 3
390 491 2
390 956 2
390 656 1
391 382 3
391 276 9
391 814 6
392 609 1
392 643 10
392 720 6
392 881 5
392 924 4
392 703 2
393 56 9
393 122 6
393 179 8
393 790 9
394 422 6
394 268 2
394 909 6
394 366 6
394 435 4
394 245 7
394 603 2
394 219 1
395 288 1
395 226 6
395 261 4
395 434 10
395 212 4
396 480 7
396 545 4
396 530 3
397 103 4
397 874 3
397 942 6
397 815 9
397 371 2
397 696 8
398 899 8
398 524 7
398 109 7
400 220 2
400 12 10
400 430 4
401 883 3
401 483 7
402 479 4
402 615 2
403 498 4
403 427 10
403 159 4
404 54 4
405 752 4
405 545 10
405 255 10
406 999 2
406 131 3
406 950 1
406 239 1
407 647 5
407 583 9
408 229 7
408 940 7
408 430 7
408 50 4
408 726 4
409 736 1
409 928 9
409 326 4
409 810 8
409 589 5
409 884 6
410 257 1
410 556 1
410 813 7
410 944 1
410 605 8
410 767 2
411 234 3
411 491 10
412 614 3
412 359 5
412 335 5
412 688 7
412 127 4
414 929 10
414 865 4
414 487 5
414 657 1
414 733 4
415 968 9
415 889 7
415 355 5
415 901 2
416 683 4
416 188 9
417 818 2
417 987 7
417 845 6
417 621 1
418 712 10
418 665 1
418 836 4
418 601 3
419 897 10
419 837 3
419 965 10
419 645 5
419 595 8
420 616 3
420 889 9
420 981 2
420 957 5
421 135 5
422 805 1
422 327 7
423 307 10
424 731 7
425 457 1
425 947 6
425 462 10
425 327 1
426 584 10
426 857 2
426 923 9
427 610 4
427 877 2
427 400 6
427 628 7
427 252 2
428 344 7
428 860 2
429 500 5
429 734 4
430 0 5
430 102 1
430 906 1
430 939 8
430 278 2
430 700 7
431 40 10
431 147 8
431 54 7
432 833 1
432 739 6
432 3 1
432 838 3
432 792 7
432 569 9
433 456 7
434 55 7
435 871 4
435 747 6
435 942 5
435 564 3
435 885 7
436 458 8
436 948 3
437 272 10
437 462 3
438 160 10
438 65 8
438 6 7
438 813 7
438 909 1
439 963 5
439 707 9
439 938 8
439 787 8
439 245 6
440 414 6
440 726 6
440 870 10
441 523 1
441 685 6
442 97 10
442 163 6
442 615 1
442 978 7
442 564 8
442 276 9
442 983 7
443 453 2
444 936 4
444 722 9
444 204 10
444 85 2
445 926 7
446 164 1
446 978 4
446 83 9
446 377 2
446 764 6
447 616 7
447 879 3
447 435 6
447 475 3
447 731 2
448 582 2
448 520 4
448 970 2
448 589 7
448 498 3
448 25 3
448 254 2
449 971 5
450 586 2
451 824 8
451 895 7
452 368 10
452 666 5
452 539 5
452 414 5
453 65 2
453 451 1
453 262 4
453 646 1
453 138 9
453 474 2
453 21 1
453 26 5
454 603 6
454 723 5
454 101 6
454 159 10
455 576 6
455 922 7
455 942 6
455 114 4
456 153 4
456 298 7
457 120 4
457 281 6
457 234 6
457 515 2
458 784 7
458 343 3
459 977 10
459 643 1
459 180 7
460 202 10
460 701 9
461 477 10
462 241 7
463 857 10
463 819 1
463 455 4
464 104 2
465 497 3
465 755 2
465 957 2
466 834 2
466 551 5
466 108 3
466 272 8
466 345 10
468 464 6
468 400 5
468 70 1
469 328 6
469 936 8
469 402 10
469 761 2
469 666 10
469 540 8
470 869 2
470 104 4
470 522 7
470 115 2
470 504 3
471 33 7
471 584 3
471 714 7
471 239 3
471 894 8
471 760 7
471 633 5
471 570 3
471 30 10
473 298 8
474 648 6
475 609 2
475 551 6
475 840 2
475 366 6
475 882 5
475 636 8
476 619 4
476 14 10
476 879 8
476 370 7
476 659 9
477 648 3
477 899 8
477 293 4
477 991 8
478 294 3
479 704 6
479 846 6
479 882 5
479 756 7
479 984 2
479 473 7
479 701 3
480 590 9
480 166 5
480 823 1
481 491 8
481 21 10
481 763 9
482 492 4
482 190 7
482 566 7
482 583 4
483 840 6
483 499 9
483 31 10
484 930 1
484 35 3
484 548 1
485 794 10
485 602 2
485 974 5
486 916 7
487 689 2
487 709 5
488 328 6
488 841 10
488 333 10
488 729 8
488 574 1
488 63 10
489 443 9
489 614 8
490 221 7
491 107 4
491 788 4
491 622 5
492 3 7
492 292 7
492 934 1
492 435 10
492 436 2
493 760 8
493 355 8
493 572 7
494 160 6
494 884 10
494 261 2
495 839 2
495 543 8
496 889 10
496 170 2
497 424 2
497 216 2
497 502 6
497 815 5
498 722 4
499 956 3
499 957 8
499 511 6
501 449 5
501 657 7
502 145 10
502 198 10
503 610 7
503 284 7
503 362 6
503 502 4
504 538 1
504 516 9
504 526 3
505 269 4
506 555 6
506 715 10
506 907 2
507 559 1
508 476 2
508 174 2
508 511 4
509 360 4
509 385 7
510 634 7
510 165 6
511 864 7
511 753 6
511 555 9
512 450 9
512 956 2
512 822 3
513 233 6
513 10 7
513 437 9
513 985 5
513 123 3
513 511 1
514 176 3
514 97 4
514 748 6
514 582 6
515 689 9
515 53 7
516 480 5
516 819 5
516 381 9
518 578 4
518 772 8
518 486 10
518 755 7
518 470 10
518 695 3
520 678 4
521 946 7
521 628 3
522 556 5
522 16 9
522 113 6
522 240 1
522 981 6
522 698 1
522 799 9
523 741 4
524 352 9
524 710 7
524 649 2
524 617 8
524 173 1
524 543 8
525 867 6
525 874 10
525 323 10
525 463 9
526 568 2
526 745 2
526 906 2
527 720 10
527 942 3
527 959 10
528 501 2
528 966 5
529 896 1
529 962 8
530 632 3
530 570 9
530 629 6
530 646 5
531 26 9
531 742 4
532 40 5
532 73 6
532 502 4
532 262 10
533 219 7
534 611 2
534 89 4
534 947 1
534 86 6
535 0 6
535 266 4
535 795 10
536 860 9
536 477 7
537 69 6
537 725 3
537 887 7
538 58 10
538 308 8
538 190 2
539 312 4
539 217 1
539 566 3
540 274 5
541 8 3
541 463 1
542 547 5
542 899 3
542 357 10
543 322 5
543 596 3
543 719 1
544 760 7
544 819 6
544 915 6
545 360 3
545 821 4
546 321 3
546 481 4
546 116 8
546 529 8
547 392 4
547 970 4
547 954 6
547 573 9
548 584 8
548 16 9
548 282 4
549 524 9
549 445 2
550 929 2
550 562 3
550 330 10
551 328 5
551 345 8
551 166 3
551 704 2
552 707 5
552 100 8
552 524 9
552 305 2
552 470 4
552 986 9
552 220 8
552 287 8
553 411 3
554 104 8
554 469 3
554 701 1
555 172 5
555 333 9
555 525 6
555 435 7
555 922 7
556 34 4
556 517 3
556 812 5
556 990 7
556 63 7
557 344 4
557 523 10
557 515 6
557 276 5
558 639 8
558 934 3
558 839 7
559 76 4
559 532 6
559 853 3
559 985 4
559 474 4
559 286 4
560 585 3
560 909 10
561 57 5
562 491 4
562 708 1
562 798 4
563 425 7
563 651 6
563 886 3
563 55 8
563 604 8
564 857 6
564 850 4
564 350 8
564 55 3
565 644 9
565 927 5
566 291 4
566 147 6
566 664 1
566 505 3
566 57 4
567 728 4
567 746 9
568 137 9
568 201 9
569 995 4
569 805 10
569 871 10
569 590 4
569 943 6
569 466 9
569 850 5
569 853 2
570 917 7
571 408 3
571 801 10
571 804 7
572 617 6
572 889 10
573 51 2
573 484 4
574 712 4
574 175 1
575 975 1
576 601 9
576 418 4
576 947 7
577 122 9
577 819 9
578 640 7
578 739 10
578 484 10
578 585 3
578 425 1
580 992 6
580 870 7
581 966 4
581 362 1
581 268 1
581 845 4
581 653 2
581 817 1
581 604 2
583 129 5
583 683 4
584 952 7
584 64 9
584 307 2
584 416 4
585 34 5
585 935 2
587 410 8
587 554 8
587 558 1
588 659 1
589 300 1
589 219 8
589 176 1
589 603 8
589 605 3
590 185 9
590 617 2
591 90 4
591 997 2
592 368 7
592 945 10
592 43 9
592 565 4
593 784 4
593 816 6
593 116 4
593 925 7
594 70 6
595 99 4
595 684 1
595 271 1
596 747 1
596 141 10
596 496 4
596 563 2
596 85 6
596 855 9
597 600 10
597 842 7
597 155 1
597 586 4
598 608 3
598 986 5
598 250 4
599 504 2
599 528 7
599 211 10
599 839 8
600 802 5
600 451 10
600 328 3
600 586 10
600 843 8
600 882 5
600 954 8
601 559 7
601 657 2
601 469 9
601 474 2
601 670 3
602 561 1
602 186 1
602 35 7
602 444 1
603 683 6
603 13 10
603 398 9
604 928 5
606 16 5
606 861 5
606 535 9
607 29 2
608 346 5
609 130 2
610 77 8
610 542 8
611 288 2
611 892 6
611 684 3
611 462 6
612 800 10
612 465 8
612 500 4
612 222 10
613 664 7
613 802 1
613 860 9
613 20 10
614 488 5
614 995 5
614 166 8
615 522 4
616 672 9
616 754 4
616 630 10
617 73 9
617 755 10
617 548 8
618 220 1
618 205 2
619 944 8
620 797 2
620 925 3
621 997 8
621 613 7
621 976 7
621 373 5
621 758 8
622 864 2
622 648 3
623 673 8
623 970 4
624 935 4
625 882 8
625 875 9
625 95 5
625 7 5
626 977 1
626 68 9
626 902 5
626 999 6
627 578 8
627 163 8
627 360 1
627 694 10
627 413 8
627 990 5
628 728 2
628 651 4
628 718 8
629 72 5
630 925 2
631 68 5
631 778 10
631 590 6
631 20 2
631 829 8
632 376 4
633 215 1
634 613 6
634 624 1
634 754 8
634 534 8
634 767 8
635 811 10
635 818 2
635 171 1
635 319 9
636 844 3
636 37 2
636 663 2
638 472 7
638 670 9
639 576 6
639 968 7
639 872 6
639 945 4
639 156 4
640 647 7
640 456 8
640 748 7
640 656 4
640 829 2
641 681 10
641 491 8
641 966 4
642 646 6
642 649 8
642 14 1
642 793 9
642 953 10
642 475 10
643 654 5
644 680 4
644 923 5
644 877 9
645 824 10
645 130 10
645 376 8
646 878 4
647 992 4
647 699 6
647 549 8
648 400 8
648 717 2
649 179 8
649 805 6
650 870 5
651 613 8
651 287 9
652 581 9
652 424 8
652 12 7
652 559 7
652 216 5
652 895 3
653 544 4
653 378 5
653 979 3
654 296 8
654 507 5
655 350 8
655 679 8
656 688 8
656 54 1
657 636 6
658 145 7
659 682 3
659 131 7
660 597 9
660 598 5
661 233 10
661 106 5
661 173 5
661 622 7
661 722 2
662 112 8
662 72 4
664 552 1
665 392 5
665 812 2
666 770 10
666 572 8
667 994 8
667 389 5
667 939 5
667 301 10
667 529 4
668 768 1
668 803 10
668 365 9
668 727 9
668 761 10
668 925 7
669 889 9
669 171 5
669 796 1
669 863 6
670 57 9
670 315 7
670 271 9
671 66 2
671 581 6
671 134 8
671 998 3
671 821 6
672 582 6
672 710 1
672 71 6
673 456 9
673 811 7
673 648 8
673 911 4
674 952 5
674 650 9
675 146 10
675 678 1
676 719 10
677 926 8
677 262 9
678 881 5
678 794 9
678 67 5
679 614 7
681 964 1
681 49 6
681 786 9
681 375 8
681 861 9
682 892 3
682 903 9
683 792 7
683 522 8
683 765 6
683 911 2
684 305 10
684 738 1
684 901 6
685 356 8
686 417 7
687 71 2
687 780 8
687 812 4
687 816 6
687 400 2
687 569 3
689 510 4
689 140 6
689 242 10
689 701 6
689 190 4
690 608 1
690 393 5
691 696 2
691 585 4
691 123 7
691 166 6
692 152 7
692 280 7
692 589 7
693 75 2
693 955 3
693 623 9
694 138 8
694 142 1
695 888 6
695 433 8
695 356 3
696 403 6
696 527 7
696 485 1
696 263 6
697 105 5
697 853 5
697 886 1
697 519 4
698 257 2
698 853 2
698 6 10
698 311 2
699 976 2
699 829 7
700 353 3
700 523 5
700 325 4
701 656 2
701 621 2
701 573 10
702 68 4
702 654 7
704 226 1
704 809 7
704 171 1
704 173 6
704 18 4
705 193 10
705 789 2
705 149 2
706 33 2
706 603 6
706 167 2
707 640 5
707 749 9
707 222 3
707 903 6
708 538 4
708 845 3
709 448 6
709 549 2
709 397 3
709 399 2
710 288 10
710 725 9
711 985 6
711 666 10
711 149 4
712 901 9
712 503 7
713 986 4
713 150 8
713 870 7
714 468 5
714 605 1
714 838 7
715 378 9
716 875 3
716 93 10
716 287 7
717 351 9
718 58 4
718 340 7
719 298 7
720 696 5
720 825 9
720 618 7
720 804 5
721 646 9
721 447 3
721 491 3
721 496 3
721 529 5
721 765 5
721 991 3
722 9 9
722 45 5
724 840 1
724 404 1
725 934 6
726 744 6
726 862 1
726 767 10
727 289 5
727 818 7
727 947 4
727 479 7
728 932 8
728 559 4
730 785 7
730 499 4
731 984 7
731 931 8
732 915 2
732 261 8
733 856 4
733 745 2
733 610 1
733 643 8
734 804 2
734 4 3
734 778 9
734 971 2
734 369 5
735 369 2
735 267 1
735 140 6
735 500 7
736 481 10
736 741 5
736 983 1
736 756 5
736 183 1
736 538 3
737 784 4
737 417 1
737 48 5
737 837 1
738 675 2
739 163 10
739 855 3
740 338 5
740 276 10
740 790 1
741 772 9
742 984 10
742 409 1
742 654 10
743 225 1
743 612 9
743 871 1
743 783 9
743 849 8
743 987 9
745 768 7
745 433 6
745 982 4
745 207 6
746 249 6
746 284 4
747 920 6
748 938 3
748 913 2
748 26 2
748 370 9
749 484 9
749 637 5
750 210 7
750 463 9
751 577 7
751 422 5
751 231 2
751 715 8
751 788 4
752 116 8
752 780 4
752 133 6
753 509 8
754 744 6
754 426 3
754 843 1
754 582 9
755 953 8
755 850 8
755 4 2
755 805 8
756 769 10
756 142 5
757 592 3
757 26 4
757 84 1
757 791 8
758 654 2
758 511 5
759 894 10
759 206 9
759 463 4
760 818 9
760 823 9
761 665 1
761 954 7
762 866 2
763 81 4
763 665 5
764 924 6
765 490 3
765 563 9
766 384 10
766 705 8
766 900 9
766 654 8
766 820 6
766 892 4
766 958 6
767 301 9
767 588 1
767 781 4
768 890 4
768 994 9
769 170 1
770 840 1
770 281 7
770 946 9
770 93 6
771 715 4
771 972 3
771 595 1
771 887 4
771 158 7
773 216 7
773 946 3
774 380 8
774 668 4
774 739 2
774 804 9
775 696 7
775 393 10
776 955 5
776 134 3
777 609 7
777 584 3
777 269 10
777 564 3
777 507 10
778 456 7
778 300 10
778 751 1
779 706 8
779 869 1
779 615 4
779 302 2
779 848 5
779 304 2
780 476 6
781 957 8
782 984 10
782 795 2
783 932 8
783 774 3
783 646 2
783 521 8
783 625 7
784 33 4
784 587 8
784 400 10
784 821 2
784 505 1
784 510 8
785 605 1
786 894 8
787 192 2
787 436 6
787 767 5
788 512 10
789 365 7
790 663 6
791 375 3
791 28 5
791 893 10
791 207 6
792 587 8
792 699 1
794 297 2
794 449 9
794 493 4
794 806 1
795 274 7
795 522 1
795 774 10
796 738 2
797 581 10
797 742 4
797 430 6
797 886 1
797 23 8
797 923 3
798 28 1
798 671 5
799 487 9
799 203 1
799 750 3
799 240 4
799 222 5
800 164 4
800 127 6
801 808 6
801 965 2
802 1 9
802 807 9
803 835 6
803 763 10
804 56 10
804 585 5
804 146 4
804 953 6
805 857 7
805 644 6
805 580 6
806 688 3
807 702 5
808 776 9
808 186 1
809 370 9
809 834 6
810 647 3
810 850 4
810 858 7
810 475 1
810 733 7
810 862 9
811 890 3
811 586 5
811 406 5
812 818 4
812 59 2
812 37 3
813 398 5
813 788 7
813 510 6
813 76 9
814 658 7
814 18 2
814 756 9
815 323 1
815 879 2
815 109 3
815 855 1
816 82 4
816 180 4
816 700 10
817 570 8
817 810 5
817 550 2
817 311 8
818 1 7
818 581 8
818 895 2
819 760 7
819 634 3
820 145 8
820 211 1
820 886 9
820 727 5
821 920 5
821 501 8
821 597 8
821 447 5
822 59 9
823 422 10
824 344 7
824 189 10
825 330 1
825 852 8
825 805 2
825 670 1
826 687 10
827 624 8
827 366 2
828 51 3
829 162 6
829 842 6
829 245 3
830 721 3
830 431 3
830 215 8
831 645 1
831 942 5
831 880 3
831 29 5
831 922 1
831 63 9
831 351 8
832 0 7
832 890 9
833 112 9
833 969 8
833 243 5
834 140 6
834 828 4
835 504 3
835 354 6
835 93 9
836 424 8
836 449 5
837 24 2
837 508 2
838 153 3
838 866 4
838 955 1
839 448 7
839 798 7
839 176 8
840 826 10
840 283 2
841 192 2
841 707 8
841 998 6
841 397 7
841 790 3
841 895 4
842 753 9
842 902 5
842 33 5
843 307 2
843 955 7
843 629 7
844 469 8
845 838 7
846 8 7
846 457 2
846 808 3
846 812 4
847 517 10
847 526 2
848 793 6
848 964 1
848 222 1
849 979 5
849 468 2
850 344 2
850 877 7
850 956 4
850 269 8
851 856 1
851 66 1
851 629 9
852 576 8
852 672 7
853 679 6
853 850 4
853 54 2
853 895 6
853 125 6
853 191 9
854 125 4
854 398 8
854 959 2
855 977 7
855 580 4
855 193 5
857 536 7
857 161 10
857 727 10
857 63 3
859 817 8
859 743 3
860 40 3
860 202 10
860 517 3
860 663 10
861 912 6
861 857 9
861 742 9
862 996 9
863 780 6
864 521 6
864 698 1
864 941 7
865 688 9
865 945 5
865 76 7
866 385 6
866 12 2
866 817 6
866 948 1
866 856 5
867 55 9
868 902 8
868 310 9
869 672 1
869 150 7
869 398 10
870 52 2
870 910 2
871 921 5
871 988 3
871 206 10
871 583 8
872 889 9
872 429 3
872 157 5
873 653 2
873 774 6
874 80 1
875 261 8
875 173 4
875 528 2
875 338 9
875 948 10
875 857 9
876 338 6
876 949 3
877 197 3
878 291 6
878 117 1
878 590 8
879 81 5
880 177 4
880 2 7
880 429 1
881 313 5
881 667 1
881 159 7
882 514 8
883 224 10
884 979 10
884 829 7
884 166 7
884 591 5
886 858 7
886 603 5
886 151 2
887 114 8
887 692 3
887 950 9
888 629 4
889 102 6
890 904 4
890 113 5
890 964 6
891 411 7
891 100 6
892 994 6
892 996 6
892 726 3
893 454 5
894 3 5
894 317 7
894 103 1
895 252 7
895 629 1
895 348 2
896 352 9
896 505 1
897 409 7
897 355 8
897 380 4
898 721 2
898 836 9
899 217 10
899 597 7
900 788 10
900 702 1
900 727 1
901 275 4
902 291 8
902 198 1
903 112 9
903 908 9
903 663 9
904 226 10
904 579 10
904 292 2
904 554 9
904 691 3
905 89 2
905 746 7
905 308 9
906 538 6
906 932 5
906 63 6
907 656 8
907 933 5
907 918 4
908 446 3
909 18 4
909 980 4
910 425 1
910 599 9
910 975 7
911 239 2
911 739 6
911 567 5
912 373 8
912 463 5
913 340 5
913 550 10
915 38 6
915 967 10
916 264 2
916 539 6
917 746 1
917 315 10
917 599 8
918 408 3
918 268 2
918 485 3
918 990 3
919 888 5
919 617 6
919 222 3
919 151 2
920 464 4
920 137 4
920 695 4
921 101 7
922 403 9
922 5 5
923 816 8
924 249 4
924 972 6
924 878 6
925 578 8
926 821 1
926 614 4
927 872 8
927 560 5
927 404 10
927 280 8
927 443 2
928 561 6
928 285 1
928 383 9
929 688 5
929 84 5
929 821 10
930 18 8
931 92 1
931 431 3
932 640 5
932 818 10
932 243 2
932 741 1
933 529 1
934 865 6
934 793 10
935 554 7
937 669 8
937 678 1
938 848 9
938 727 8
939 675 9
940 794 1
940 183 10
941 117 6
942 789 1
942 214 4
943 16 5
943 269 9
943 644 3
943 317 3
944 344 6
944 97 7
944 952 6
946 360 6
946 891 7
947 571 2
947 421 4
947 206 7
947 631 3
948 881 2
948 343 3
949 405 10
949 206 10
949 703 2
950 868 4
950 772 3
951 706 1
951 709 2
951 269 7
951 629 6
951 541 9
951 894 3
952 74 6
952 375 5
952 71 9
953 633 6
953 418 5
953 606 5
954 976 5
954 924 4
954 111 7
955 682 6
955 956 5
956 512 3
956 26 4
956 506 3
956 527 8
957 728 10
957 748 3
958 521 10
958 657 6
958 53 9
959 217 1
959 951 2
960 609 1
960 58 9
960 3 2
960 87 5
961 921 9
961 842 4
961 195 10
961 359 3
962 898 8
962 86 10
963 48 10
963 233 3
963 701 7
964 418 7
964 629 1
965 497 6
966 698 2
966 67 3
966 922 6
967 388 7
967 60 7
968 492 1
968 630 2
969 656 4
969 1 3
970 368 2
970 258 2
971 192 6
971 772 10
971 72 4
971 273 6
971 473 1
971 155 9
972 563 6
972 516 1
973 401 7
973 881 6
974 403 10
974 564 2
974 174 4
974 591 2
976 961 8
976 486 4
976 12 5
976 505 2
976 701 10
977 320 5
977 321 1
978 279 6
979 268 5
980 642 2
980 932 4
981 934 10
982 969 8
983 178 10
984 872 7
984 188 10
985 587 6
986 402 10
986 198 2
987 387 10
987 966 5
988 603 5
988 70 3
989 184 8
989 464 8
990 135 8
990 962 6
990 251 6
990 215 8
991 319 5
992 793 2
993 64 3
994 613 9
995 649 2
995 452 2
996 149 9
997 485 5
997 605 7
997 165 7
998 456 1
999 353 3
999 123 3
999 461 4
999 303 5
